Ansatz N 31.622776601683803
001, -0.42328372, 0.03723091, 5.50196437e-13
002, -0.57578877, 0.07182655, 5.31729071e-13
003, -0.60175472, 0.09687176, 5.12788515e-13
004, -0.54100099, 0.11500516, 7.86143030e-11
005, -0.41528675, 0.12816450, 1.05660284e-08
006, -0.23913221, 0.13765270, 1.48621503e-10
007, -0.02319997, 0.14436803, 8.80999209e-13
008, 0.22424009, 0.14895043, 8.98084576e-12
009, 0.49654890, 0.15186903, 2.43030153e-11
010, 0.78827220, 0.15347616, 1.30704699e-09
011, 1.09485644, 0.15404162, 1.57891541e-10
012, 1.41245633, 0.15377548, 3.99086544e-10
013, 1.73779791, 0.15284349, 7.31112027e-09
014, 2.06807742, 0.15137796, 2.51946637e-08
015, 2.40088426, 0.14948552, 2.37858308e-08
016, 2.73414069, 0.14725276, 2.24735846e-08
017, 3.06605373, 0.14475053, 2.97207688e-08
018, 3.39507611, 0.14203709, 2.02768163e-08
019, 3.71987394, 0.13916058, 1.94782049e-08
020, 4.03929979, 0.13616093, 1.84987024e-08
021, 4.35236986, 0.13307136, 1.84975324e-08
022, 4.65824459, 0.12991958, 4.00521847e-08
023, 4.95621183, 0.12672871, 5.78762707e-08
024, 5.24567242, 0.12351808, 7.02319316e-08
025, 5.52612751, 0.12030383, 8.19436526e-08
026, 5.79716745, 0.11709943, 2.09979342e-08
027, 6.05846204, 0.11391612, 5.24437083e-08
028, 6.30975185, 0.11076321, 6.16657294e-08
029, 6.55084054, 0.10764842, 1.07550599e-08
030, 6.78158803, 0.10457811, 6.54729573e-08
031, 7.00190435, 0.10155744, 1.34422553e-08
032, 7.21174417, 0.09859061, 8.96079784e-09
033, 7.41110185, 0.09568097, 3.13228290e-08
034, 7.60000703, 0.09283111, 6.55144259e-08
035, 7.77852061, 0.09004305, 2.16683674e-08
036, 7.94673118, 0.08731824, 7.06732976e-09
037, 8.10475169, 0.08465771, 6.88327085e-09
038, 8.25271659, 0.08206206, 6.88697710e-09
039, 8.39077907, 0.07953160, 6.84107627e-09
040, 8.51910872, 0.07706634, 6.71535171e-09
041, 8.63788927, 0.07466605, 7.68163176e-09
042, 8.74731666, 0.07233030, 1.02306868e-08
043, 8.84759718, 0.07005849, 1.78750553e-08
044, 8.93894590, 0.06784986, 3.67339974e-08
045, 9.02158513, 0.06570354, 6.00006430e-08
046, 9.09574311, 0.06361858, 8.47002516e-08
047, 9.16165278, 0.06159391, 1.10529474e-07
048, 9.21955070, 0.05962841, 6.70958321e-08
049, 9.26967601, 0.05772092, 5.55243756e-08
050, 9.31226958, 0.05587021, 7.08511754e-08
051, 9.34757318, 0.05407504, 4.97444977e-08
052, 9.37582872, 0.05233414, 1.18721926e-07
053, 9.39727763, 0.05064622, 5.69937380e-08
054, 9.41216027, 0.04900999, 3.76277146e-08
055, 9.42071536, 0.04742416, 4.47853191e-08
056, 9.42317955, 0.04588741, 5.15457529e-08
057, 9.41978698, 0.04439847, 1.16360059e-07
058, 9.41076890, 0.04295605, 1.33264978e-08
059, 9.39635337, 0.04155889, 3.16640504e-08
060, 9.37676494, 0.04020572, 6.83269309e-08
061, 9.35222439, 0.03889532, 8.82000618e-09
062, 9.32294855, 0.03762647, 4.74474394e-09
063, 9.28915007, 0.03639797, 9.15207674e-08
064, 9.25103728, 0.03520865, 1.87180039e-08
065, 9.20881404, 0.03405736, 3.53257512e-08
066, 9.16267965, 0.03294297, 9.15962140e-08
067, 9.11282873, 0.03186437, 1.00277047e-07
068, 9.05945117, 0.03082050, 5.42955074e-08
069, 9.00273208, 0.02981029, 2.58509982e-08
070, 8.94285172, 0.02883273, 2.56055001e-08
071, 8.87998551, 0.02788680, 9.56258010e-08
072, 8.81430400, 0.02697153, 1.75694623e-09
073, 8.74597290, 0.02608598, 3.86563658e-08
074, 8.67515305, 0.02522921, 1.10612443e-07
075, 8.60200049, 0.02440033, 1.49384774e-08
076, 8.52666647, 0.02359846, 8.33701078e-09
077, 8.44929749, 0.02282274, 6.72172341e-08
078, 8.37003532, 0.02207236, 1.09942763e-07
079, 8.28901714, 0.02134650, 5.67823697e-08
080, 8.20637549, 0.02064438, 4.01148344e-08
081, 8.12223843, 0.01996525, 3.57311750e-09
082, 8.03672954, 0.01930838, 7.56353110e-09
083, 7.94996804, 0.01867303, 4.49400498e-08
084, 7.86206884, 0.01805853, 9.46621176e-09
085, 7.77314262, 0.01746421, 3.49678960e-09
086, 7.68329595, 0.01688940, 1.05309184e-08
087, 7.59263132, 0.01633348, 3.75994333e-08
088, 7.50124724, 0.01579584, 6.70070333e-08
089, 7.40923837, 0.01527589, 7.08465550e-08
090, 7.31669555, 0.01477304, 5.39183320e-08
091, 7.22370593, 0.01428674, 7.24240407e-08
092, 7.13035304, 0.01381646, 8.15476086e-08
093, 7.03671689, 0.01336166, 7.45797697e-08
094, 6.94287404, 0.01292185, 9.32076835e-08
095, 6.84889773, 0.01249653, 4.63740642e-08
096, 6.75485792, 0.01208523, 8.98281600e-08
097, 6.66082141, 0.01168749, 6.90992087e-08
098, 6.56685193, 0.01130286, 8.14553737e-08
099, 6.47301023, 0.01093092, 7.97745650e-08
100, 6.37935413, 0.01057125, 4.29914754e-08
101, 6.28593864, 0.01022344, 6.30464554e-08
102, 6.19281606, 0.00988710, 6.75923137e-08
103, 6.10003603, 0.00956186, 4.62835382e-08
104, 6.00764560, 0.00924735, 2.16069255e-08
105, 5.91568937, 0.00894322, 6.89374845e-08
106, 5.82420951, 0.00864912, 6.00321586e-08
107, 5.73324589, 0.00836473, 5.99656108e-08
108, 5.64283612, 0.00808973, 6.63139151e-08
109, 5.55301561, 0.00782379, 5.41993559e-08
110, 5.46381771, 0.00756664, 5.80957328e-08
111, 5.37527372, 0.00731796, 3.78829039e-08
112, 5.28741300, 0.00707750, 5.22110334e-08
113, 5.20026301, 0.00684497, 1.76557791e-08
114, 5.11384939, 0.00662011, 2.72623817e-08
115, 5.02819605, 0.00640266, 4.12972794e-08
116, 4.94332518, 0.00619240, 4.65253926e-08
117, 4.85925737, 0.00598906, 3.87166423e-08
118, 4.77601164, 0.00579244, 6.61384747e-08
119, 4.69360551, 0.00560230, 4.91727760e-08
120, 4.61205505, 0.00541843, 3.14481557e-08
121, 4.53137495, 0.00524062, 5.26788229e-08
122, 4.45157857, 0.00506867, 2.15997794e-08
123, 4.37267798, 0.00490240, 6.23618104e-08
124, 4.29468403, 0.00474160, 5.63647211e-08
125, 4.21760640, 0.00458610, 4.86019836e-08
126, 4.14145364, 0.00443573, 2.44317109e-08
127, 4.06623323, 0.00429032, 2.34683452e-08
128, 3.99195161, 0.00414969, 4.87719105e-09
129, 3.91861424, 0.00401370, 3.75864606e-08
130, 3.84622564, 0.00388218, 5.40467539e-08
131, 3.77478942, 0.00375500, 5.34270306e-08
132, 3.70430833, 0.00363201, 4.77822029e-08
133, 3.63478434, 0.00351306, 3.03346741e-08
134, 3.56621858, 0.00339803, 1.67019303e-08
135, 3.49861149, 0.00328679, 3.30693511e-09
136, 3.43196277, 0.00317920, 2.32464532e-08
137, 3.36627146, 0.00307516, 4.70340392e-08
138, 3.30153597, 0.00297454, 2.34715640e-08
139, 3.23775409, 0.00287723, 3.57591613e-08
140, 3.17492305, 0.00278311, 2.22734970e-08
141, 3.11303952, 0.00269210, 1.71162300e-08
142, 3.05209968, 0.00260407, 3.29827168e-08
143, 2.99209919, 0.00251894, 9.01444566e-09
144, 2.93303328, 0.00243661, 1.79548016e-08
145, 2.87489674, 0.00235698, 3.48539649e-08
146, 2.81768395, 0.00227997, 1.50900839e-09
147, 2.76138891, 0.00220548, 2.35763589e-08
148, 2.70600526, 0.00213344, 3.84675959e-08
149, 2.65152629, 0.00206377, 1.82823863e-08
150, 2.59794500, 0.00199639, 3.50336825e-08
151, 2.54525408, 0.00193121, 4.75267316e-09
152, 2.49344595, 0.00186818, 1.02503583e-08
153, 2.44251277, 0.00180721, 2.65271066e-08
154, 2.39244647, 0.00174825, 3.86153180e-09
155, 2.34323876, 0.00169121, 7.15314995e-09
156, 2.29488115, 0.00163605, 2.06341752e-08
157, 2.24736497, 0.00158270, 1.56549622e-08
158, 2.20068137, 0.00153109, 1.40500163e-08
159, 2.15482134, 0.00148118, 7.06760381e-09
160, 2.10977576, 0.00143290, 1.06333729e-08
161, 2.06553535, 0.00138621, 1.07581791e-08
162, 2.02209074, 0.00134104, 8.27031881e-09
163, 1.97943245, 0.00129735, 6.06704831e-09
164, 1.93755091, 0.00125510, 4.70916677e-09
165, 1.89643648, 0.00121422, 1.07068772e-08
166, 1.85607945, 0.00117469, 1.72233086e-08
167, 1.81647006, 0.00113644, 1.87483643e-08
168, 1.77759850, 0.00109945, 1.49831158e-08
169, 1.73945492, 0.00106367, 1.68317999e-08
170, 1.70202946, 0.00102906, 1.82188047e-08
171, 1.66531223, 0.00099558, 8.53070453e-09
172, 1.62929332, 0.00096320, 1.44137661e-08
173, 1.59396285, 0.00093187, 1.91639698e-08
174, 1.55931091, 0.00090157, 2.04632457e-08
175, 1.52532762, 0.00087226, 1.92070892e-08
176, 1.49200312, 0.00084391, 1.85811215e-08
177, 1.45932758, 0.00081648, 1.89174317e-08
178, 1.42729119, 0.00078995, 2.04841829e-08
179, 1.39588418, 0.00076428, 1.72965501e-08
180, 1.36509683, 0.00073946, 1.86266339e-08
181, 1.33491945, 0.00071544, 1.89144074e-08
182, 1.30534243, 0.00069221, 1.77911335e-08
183, 1.27635620, 0.00066973, 1.47311317e-08
184, 1.24795124, 0.00064799, 1.84505534e-08
185, 1.22011812, 0.00062696, 1.70417319e-08
186, 1.19284745, 0.00060661, 1.51529908e-08
187, 1.16612995, 0.00058693, 1.45804086e-08
188, 1.13995637, 0.00056788, 1.26590456e-08
189, 1.11431758, 0.00054946, 1.60717211e-08
190, 1.08920450, 0.00053164, 1.31700346e-08
191, 1.06460814, 0.00051440, 1.36172825e-08
192, 1.04051962, 0.00049772, 1.15863814e-08
193, 1.01693011, 0.00048159, 1.12171600e-08
194, 0.99383090, 0.00046598, 1.33641375e-08
195, 0.97121336, 0.00045088, 9.87264436e-09
196, 0.94906895, 0.00043627, 1.20499333e-08
197, 0.92738923, 0.00042213, 1.15439202e-08
198, 0.90616586, 0.00040846, 1.30874270e-08
199, 0.88539058, 0.00039523, 1.11820072e-08
200, 0.86505526, 0.00038243, 1.48844164e-08
201, 0.84515183, 0.00037005, 1.11908969e-08
202, 0.82567236, 0.00035807, 1.38734033e-08
203, 0.80660900, 0.00034648, 1.23386979e-08
204, 0.78795400, 0.00033527, 1.45606261e-08
205, 0.76969971, 0.00032442, 1.14997947e-08
206, 0.75183860, 0.00031392, 1.29057070e-08
207, 0.73436323, 0.00030376, 1.39004847e-08
208, 0.71726626, 0.00029394, 1.27275913e-08
209, 0.70054046, 0.00028443, 1.19931237e-08
210, 0.68417871, 0.00027524, 1.26209531e-08
211, 0.66817398, 0.00026634, 1.11981077e-08
212, 0.65251934, 0.00025773, 1.19140229e-08
213, 0.63720797, 0.00024940, 1.36672073e-08
214, 0.62223316, 0.00024134, 1.20528068e-08
215, 0.60758830, 0.00023354, 1.34565145e-08
216, 0.59326687, 0.00022599, 1.22319896e-08
217, 0.57926245, 0.00021869, 1.41529557e-08
218, 0.56556874, 0.00021163, 1.02617761e-08
219, 0.55217953, 0.00020479, 1.25908701e-08
220, 0.53908870, 0.00019818, 8.93811670e-09
221, 0.52629025, 0.00019178, 1.21972201e-08
222, 0.51377826, 0.00018559, 1.30682124e-08
223, 0.50154690, 0.00017960, 1.14304719e-08
224, 0.48959048, 0.00017380, 1.07482256e-08
225, 0.47790335, 0.00016820, 1.44774536e-08
226, 0.46648000, 0.00016277, 1.15345843e-08
227, 0.45531498, 0.00015752, 1.32460500e-08
228, 0.44440296, 0.00015244, 1.32547194e-08
229, 0.43373870, 0.00014752, 1.24613885e-08
230, 0.42331703, 0.00014276, 1.37690542e-08
231, 0.41313289, 0.00013816, 1.31506659e-08
232, 0.40318130, 0.00013371, 1.19519810e-08
233, 0.39345738, 0.00012940, 1.17933433e-08
234, 0.38395634, 0.00012523, 1.33110960e-08
235, 0.37467344, 0.00012119, 1.21316714e-08
236, 0.36560408, 0.00011728, 1.35981561e-08
237, 0.35674371, 0.00011351, 1.40470400e-08
238, 0.34808787, 0.00010985, 7.17988572e-09
239, 0.33963218, 0.00010631, 1.42669466e-08
240, 0.33137236, 0.00010289, 1.07573309e-08
241, 0.32330418, 0.00009957, 1.18446074e-08
242, 0.31542351, 0.00009637, 1.38293110e-08
243, 0.30772630, 0.00009326, 1.04502976e-08
244, 0.30020857, 0.00009026, 5.36693801e-09
245, 0.29286641, 0.00008736, 1.12942600e-08
246, 0.28569600, 0.00008455, 1.12958473e-08
247, 0.27869359, 0.00008182, 8.12488639e-09
248, 0.27185549, 0.00007919, 1.30731037e-08
249, 0.26517809, 0.00007664, 9.52117510e-09
250, 0.25865786, 0.00007418, 7.58833054e-09
251, 0.25229133, 0.00007179, 1.19284976e-08
252, 0.24607509, 0.00006948, 1.22216570e-08
253, 0.24000581, 0.00006725, 1.04566775e-08
254, 0.23408024, 0.00006509, 1.47497130e-08
255, 0.22829516, 0.00006299, 1.40745386e-08
256, 0.22264745, 0.00006097, 9.72660904e-09
257, 0.21713402, 0.00005901, 1.48086928e-08
258, 0.21175187, 0.00005711, 1.05784321e-08
259, 0.20649805, 0.00005528, 4.03903646e-09
260, 0.20136966, 0.00005350, 1.18080688e-08
261, 0.19636389, 0.00005178, 1.41076979e-08
262, 0.19147795, 0.00005012, 1.45949332e-08
263, 0.18670913, 0.00004851, 1.27178220e-08
264, 0.18205477, 0.00004695, 1.27432936e-08
265, 0.17751227, 0.00004544, 1.06346019e-08
266, 0.17307909, 0.00004398, 1.30347911e-08
267, 0.16875272, 0.00004257, 1.08241633e-08
268, 0.16453072, 0.00004121, 1.36048056e-08
269, 0.16041070, 0.00003988, 3.88473828e-09
270, 0.15639031, 0.00003860, 4.88006463e-09
271, 0.15246728, 0.00003736, 1.32933216e-08
272, 0.14863934, 0.00003617, 8.72243315e-09
273, 0.14490432, 0.00003501, 8.11005033e-09
274, 0.14126005, 0.00003388, 1.00659456e-08
275, 0.13770444, 0.00003280, 1.47849561e-08
276, 0.13423543, 0.00003174, 8.01835169e-09
277, 0.13085101, 0.00003073, 1.27461647e-08
278, 0.12754921, 0.00002974, 1.31487130e-08
279, 0.12432809, 0.00002879, 1.09661948e-08
280, 0.12118579, 0.00002786, 9.12941398e-09
281, 0.11812044, 0.00002697, 1.04015252e-08
282, 0.11513026, 0.00002611, 1.48149059e-08
283, 0.11221347, 0.00002527, 9.97979410e-09
284, 0.10936835, 0.00002446, 2.88864661e-09
285, 0.10659322, 0.00002368, 9.89591204e-09
286, 0.10388642, 0.00002292, 1.10439210e-08
287, 0.10124634, 0.00002218, 1.32601784e-08
288, 0.09867140, 0.00002147, 4.02586445e-09
289, 0.09616006, 0.00002078, 6.09940850e-09
290, 0.09371081, 0.00002012, 9.05775559e-09
291, 0.09132217, 0.00001947, 6.39474249e-09
292, 0.08899272, 0.00001885, 1.06357940e-08
293, 0.08672102, 0.00001825, 9.40730348e-09
294, 0.08450572, 0.00001766, 1.30098019e-08
295, 0.08234545, 0.00001710, 1.05210255e-08
296, 0.08023891, 0.00001655, 3.88069236e-09
297, 0.07818481, 0.00001602, 1.41113833e-08
298, 0.07618189, 0.00001551, 1.08473842e-08
299, 0.07422892, 0.00001501, 1.09490234e-08
300, 0.07232470, 0.00001453, 5.18499996e-09
301, 0.07046806, 0.00001407, 7.52658631e-09
302, 0.06865785, 0.00001362, 9.95952494e-09
303, 0.06689295, 0.00001318, 9.03281492e-09
304, 0.06517227, 0.00001276, 7.51210912e-09
305, 0.06349473, 0.00001235, 7.56299552e-09
306, 0.06185929, 0.00001196, 7.31791889e-09
307, 0.06026493, 0.00001157, 1.30831750e-08
308, 0.05871065, 0.00001120, 9.64930591e-09
309, 0.05719548, 0.00001084, 8.58837080e-09
310, 0.05571846, 0.00001050, 9.66431884e-09
311, 0.05427868, 0.00001016, 1.16542113e-08
312, 0.05287520, 0.00000984, 9.92610375e-09
313, 0.05150717, 0.00000952, 9.65532012e-09
314, 0.05017369, 0.00000922, 1.17277155e-08
315, 0.04887394, 0.00000892, 9.28509527e-09
316, 0.04760707, 0.00000864, 1.45262893e-08
317, 0.04637230, 0.00000836, 1.28699289e-08
318, 0.04516882, 0.00000810, 7.07508564e-09
319, 0.04399587, 0.00000784, 1.40630548e-08
320, 0.04285269, 0.00000759, 6.46712443e-09
321, 0.04173856, 0.00000734, 1.45134759e-08
322, 0.04065276, 0.00000711, 5.16034437e-09
323, 0.03959459, 0.00000688, 1.47805205e-08
324, 0.03856336, 0.00000666, 1.46869460e-08
325, 0.03755841, 0.00000645, 1.16839688e-08
326, 0.03657908, 0.00000624, 1.29889141e-08
327, 0.03562476, 0.00000605, 1.30537310e-08
328, 0.03469480, 0.00000585, 1.13045748e-08
329, 0.03378861, 0.00000567, 1.07816826e-08
330, 0.03290560, 0.00000548, 1.19800504e-08
331, 0.03204519, 0.00000531, 1.12656920e-08
332, 0.03120681, 0.00000514, 1.45311059e-08
333, 0.03038993, 0.00000498, 1.29202595e-08
334, 0.02959399, 0.00000482, 1.14801968e-08
335, 0.02881849, 0.00000466, 1.16283018e-08
336, 0.02806290, 0.00000451, 1.02571233e-08
337, 0.02732673, 0.00000437, 1.44948328e-08
338, 0.02660950, 0.00000423, 1.22036067e-08
339, 0.02591072, 0.00000410, 1.04821268e-08
340, 0.02522994, 0.00000397, 1.47280549e-08
341, 0.02456670, 0.00000384, 1.34910690e-08
342, 0.02392057, 0.00000372, 1.42353056e-08
343, 0.02329110, 0.00000360, 1.44275369e-08
344, 0.02267789, 0.00000348, 1.45550737e-08
345, 0.02208053, 0.00000337, 1.35517347e-08
346, 0.02149861, 0.00000327, 1.35237549e-08
347, 0.02093174, 0.00000316, 1.34492850e-08
348, 0.02037955, 0.00000306, 1.44200791e-08
349, 0.01984165, 0.00000296, 1.38934171e-08
350, 0.01931770, 0.00000287, 1.45034276e-08
351, 0.01880734, 0.00000278, 1.37557148e-08
352, 0.01831022, 0.00000269, 1.38572501e-08
353, 0.01782601, 0.00000260, 1.41163687e-08
354, 0.01735438, 0.00000252, 1.48117184e-08
355, 0.01689501, 0.00000244, 1.47598994e-08
356, 0.01644759, 0.00000236, 1.35646655e-08
357, 0.01601182, 0.00000229, 1.35535949e-08
358, 0.01558739, 0.00000221, 1.47575637e-08
359, 0.01517403, 0.00000214, 1.36927136e-08
360, 0.01477144, 0.00000208, 1.42120010e-08
361, 0.01437935, 0.00000201, 1.42728739e-08
362, 0.01399750, 0.00000195, 1.35728971e-08
363, 0.01362562, 0.00000188, 1.31154330e-08
364, 0.01326346, 0.00000182, 1.42295647e-08
365, 0.01291076, 0.00000177, 1.32779726e-08
366, 0.01256730, 0.00000171, 1.48325306e-08
367, 0.01223282, 0.00000165, 1.33900049e-08
368, 0.01190711, 0.00000160, 1.43951601e-08
369, 0.01158992, 0.00000155, 1.42230052e-08
370, 0.01128106, 0.00000150, 1.35582809e-08
371, 0.01098030, 0.00000145, 1.41701732e-08
372, 0.01068743, 0.00000141, 1.27360806e-08
373, 0.01040225, 0.00000136, 1.29110694e-08
374, 0.01012456, 0.00000132, 1.37233036e-08
375, 0.00985417, 0.00000128, 1.38988681e-08
376, 0.00959090, 0.00000124, 1.24447422e-08
377, 0.00933455, 0.00000120, 1.42382393e-08
378, 0.00908495, 0.00000116, 1.39105763e-08
379, 0.00884193, 0.00000112, 1.34895611e-08
380, 0.00860531, 0.00000109, 1.44550581e-08
381, 0.00837493, 0.00000105, 1.35817683e-08
382, 0.00815062, 0.00000102, 1.48588908e-08
383, 0.00793224, 0.00000099, 1.37332222e-08
384, 0.00771962, 0.00000096, 1.28395004e-08
385, 0.00751262, 0.00000092, 1.25438550e-08
386, 0.00731110, 0.00000090, 1.30389365e-08
387, 0.00711490, 0.00000087, 1.48586592e-08
388, 0.00692389, 0.00000084, 1.47184104e-08
389, 0.00673794, 0.00000081, 1.46141460e-08
390, 0.00655691, 0.00000079, 1.39475814e-08
391, 0.00638068, 0.00000076, 1.48808576e-08
392, 0.00620912, 0.00000074, 1.42331978e-08
393, 0.00604211, 0.00000071, 1.21170346e-08
394, 0.00587953, 0.00000069, 1.19423759e-08
395, 0.00572127, 0.00000067, 1.42626377e-08
396, 0.00556721, 0.00000065, 1.46495186e-08
397, 0.00541724, 0.00000063, 1.38211388e-08
398, 0.00527126, 0.00000061, 1.25439560e-08
399, 0.00512916, 0.00000059, 1.48713776e-08
400, 0.00499084, 0.00000057, 1.31590644e-08
401, 0.00485620, 0.00000055, 1.47376800e-08
402, 0.00472515, 0.00000053, 1.42351962e-08
403, 0.00459759, 0.00000052, 1.33524971e-08
404, 0.00447343, 0.00000050, 1.47517791e-08
405, 0.00435257, 0.00000048, 1.32837496e-08
406, 0.00423494, 0.00000047, 1.24992604e-08
407, 0.00412046, 0.00000045, 1.31888114e-08
408, 0.00400902, 0.00000044, 1.24838754e-08
409, 0.00390057, 0.00000043, 1.36069549e-08
410, 0.00379501, 0.00000041, 1.41930780e-08
411, 0.00369227, 0.00000040, 1.40170992e-08
412, 0.00359228, 0.00000039, 1.42614424e-08
413, 0.00349496, 0.00000037, 1.33351383e-08
414, 0.00340025, 0.00000036, 1.42729102e-08
415, 0.00330807, 0.00000035, 1.36615271e-08
416, 0.00321837, 0.00000034, 1.41004071e-08
417, 0.00313106, 0.00000033, 1.40411459e-08
418, 0.00304610, 0.00000032, 1.19813661e-08
419, 0.00296342, 0.00000031, 1.39460762e-08
420, 0.00288295, 0.00000030, 1.24827890e-08
421, 0.00280464, 0.00000029, 1.43461005e-08
422, 0.00272844, 0.00000028, 1.27132895e-08
423, 0.00265428, 0.00000027, 1.21236797e-08
424, 0.00258212, 0.00000026, 1.43537952e-08
425, 0.00251189, 0.00000025, 1.26346424e-08
426, 0.00244355, 0.00000025, 1.27697195e-08
427, 0.00237705, 0.00000024, 1.25113120e-08
428, 0.00231234, 0.00000023, 1.35146582e-08
429, 0.00224938, 0.00000022, 1.30948100e-08
430, 0.00218810, 0.00000022, 1.32489415e-08
431, 0.00212848, 0.00000021, 1.25250757e-08
432, 0.00207047, 0.00000020, 1.26514775e-08
433, 0.00201402, 0.00000020, 1.34192335e-08
434, 0.00195909, 0.00000019, 1.18157367e-08
435, 0.00190564, 0.00000018, 1.24224314e-08
436, 0.00185364, 0.00000018, 1.43984251e-08
437, 0.00180304, 0.00000017, 1.39875652e-08
438, 0.00175380, 0.00000017, 1.17346017e-08
439, 0.00170590, 0.00000016, 1.20654196e-08
440, 0.00165929, 0.00000016, 1.43439610e-08
441, 0.00161394, 0.00000015, 1.30883767e-08
442, 0.00156982, 0.00000015, 1.30486439e-08
443, 0.00152689, 0.00000014, 1.38916987e-08
444, 0.00148513, 0.00000014, 1.37871488e-08
445, 0.00144449, 0.00000013, 1.15237294e-08
446, 0.00140495, 0.00000013, 1.38625411e-08
447, 0.00136649, 0.00000013, 1.39025629e-08
448, 0.00132907, 0.00000012, 1.35671353e-08
449, 0.00129266, 0.00000012, 1.24886395e-08
450, 0.00125724, 0.00000011, 1.28534424e-08
451, 0.00122278, 0.00000011, 1.44866098e-08
452, 0.00118926, 0.00000011, 1.29737148e-08
453, 0.00115665, 0.00000010, 1.12063158e-08
454, 0.00112492, 0.00000010, 1.29186250e-08
455, 0.00109405, 0.00000010, 1.40907502e-08
456, 0.00106402, 0.00000009, 1.38702734e-08
457, 0.00103481, 0.00000009, 1.22229097e-08
458, 0.00100639, 0.00000009, 1.42643185e-08
459, 0.00097875, 0.00000009, 1.47766735e-08
460, 0.00095186, 0.00000008, 1.36909236e-08
461, 0.00092570, 0.00000008, 1.40999994e-08
462, 0.00090025, 0.00000008, 1.44167892e-08
463, 0.00087550, 0.00000007, 1.48685140e-08
464, 0.00085142, 0.00000007, 1.24228356e-08
465, 0.00082799, 0.00000007, 1.36956632e-08
466, 0.00080521, 0.00000007, 1.10048456e-08
467, 0.00078304, 0.00000007, 1.32280412e-08
468, 0.00076148, 0.00000006, 1.15482840e-08
469, 0.00074051, 0.00000006, 1.42772271e-08
470, 0.00072011, 0.00000006, 1.23851405e-08
471, 0.00070027, 0.00000006, 1.45881731e-08
472, 0.00068097, 0.00000006, 1.45649744e-08
473, 0.00066219, 0.00000005, 1.46937788e-08
474, 0.00064393, 0.00000005, 1.40121110e-08
475, 0.00062617, 0.00000005, 1.29881451e-08
476, 0.00060890, 0.00000005, 1.30333406e-08
477, 0.00059209, 0.00000005, 1.43702572e-08
478, 0.00057575, 0.00000005, 1.47009500e-08
479, 0.00055985, 0.00000004, 1.25849737e-08
480, 0.00054439, 0.00000004, 1.14002760e-08
481, 0.00052935, 0.00000004, 1.26171665e-08
482, 0.00051473, 0.00000004, 1.13227208e-08
483, 0.00050050, 0.00000004, 1.19673997e-08
484, 0.00048667, 0.00000004, 1.24495273e-08
485, 0.00047321, 0.00000004, 1.30434487e-08
486, 0.00046012, 0.00000004, 1.20231731e-08
487, 0.00044740, 0.00000003, 1.41057215e-08
488, 0.00043502, 0.00000003, 1.46659188e-08
489, 0.00042298, 0.00000003, 1.43220919e-08
490, 0.00041127, 0.00000003, 1.20606022e-08
491, 0.00039988, 0.00000003, 1.20033467e-08
492, 0.00038880, 0.00000003, 1.27640381e-08
493, 0.00037803, 0.00000003, 1.38065428e-08
494, 0.00036756, 0.00000003, 1.09335128e-08
495, 0.00035737, 0.00000003, 1.38564255e-08
496, 0.00034747, 0.00000003, 1.31805443e-08
497, 0.00033783, 0.00000003, 1.29820889e-08
498, 0.00032846, 0.00000002, 1.15310210e-08
499, 0.00031935, 0.00000002, 1.27879565e-08
500, 0.00031049, 0.00000002, 1.00831336e-08
501, 0.00030187, 0.00000002, 1.35827327e-08
502, 0.00029349, 0.00000002, 1.41184410e-08
503, 0.00028535, 0.00000002, 8.99849190e-09
504, 0.00027742, 0.00000002, 1.44169914e-08
505, 0.00026972, 0.00000002, 1.45534979e-08
506, 0.00026222, 0.00000002, 1.27011675e-08
507, 0.00025494, 0.00000002, 1.46433513e-08
508, 0.00024785, 0.00000002, 1.36311386e-08
509, 0.00024096, 0.00000002, 1.06940555e-08
510, 0.00023426, 0.00000002, 1.20968514e-08
511, 0.00022774, 0.00000002, 1.41831160e-08
512, 0.00022141, 0.00000002, 1.28486263e-08
513, 0.00021525, 0.00000002, 1.32479232e-08
514, 0.00020926, 0.00000001, 1.26454773e-08
515, 0.00020343, 0.00000001, 1.29566256e-08
516, 0.00019777, 0.00000001, 1.38026759e-08
517, 0.00019226, 0.00000001, 1.48000817e-08
518, 0.00018691, 0.00000001, 1.42990357e-08
519, 0.00018170, 0.00000001, 1.25392756e-08
520, 0.00017664, 0.00000001, 1.27026850e-08
521, 0.00017171, 0.00000001, 1.38075724e-08
522, 0.00016693, 0.00000001, 1.46569172e-08
523, 0.00016227, 0.00000001, 1.37162235e-08
524, 0.00015775, 0.00000001, 1.19986595e-08
525, 0.00015335, 0.00000001, 1.13090646e-08
526, 0.00014907, 0.00000001, 1.10020989e-08
527, 0.00014491, 0.00000001, 1.19585391e-08
528, 0.00014086, 0.00000001, 1.39755623e-08
529, 0.00013693, 0.00000001, 1.35120941e-08
530, 0.00013311, 0.00000001, 1.17019303e-08
531, 0.00012939, 0.00000001, 1.24294098e-08
532, 0.00012578, 0.00000001, 1.32837554e-08
533, 0.00012226, 0.00000001, 1.34399258e-08
534, 0.00011885, 0.00000001, 1.18700965e-08
535, 0.00011553, 0.00000001, 1.33270517e-08
536, 0.00011230, 0.00000001, 1.35118915e-08
537, 0.00010916, 0.00000001, 1.01592113e-08
538, 0.00010610, 0.00000001, 1.21546878e-08
539, 0.00010314, 0.00000001, 8.96249289e-09
540, 0.00010025, 0.00000001, 9.97685165e-09
541, 0.00009745, 0.00000001, 1.15766462e-08
542, 0.00009472, 0.00000001, 1.05158733e-08
543, 0.00009207, 0.00000001, 1.07606991e-08
544, 0.00008949, 0.00000001, 1.35732326e-08
545, 0.00008698, 0.00000001, 1.34398101e-08
546, 0.00008455, 0.00000001, 1.45353145e-08
547, 0.00008218, 0.00000001, 1.13678506e-08
548, 0.00007988, 0.00000000, 1.25657789e-08
549, 0.00007764, 0.00000000, 1.24184254e-08
550, 0.00007546, 0.00000000, 1.29665883e-08
551, 0.00007335, 0.00000000, 1.40044344e-08
552, 0.00007129, 0.00000000, 1.41562010e-08
553, 0.00006929, 0.00000000, 1.29000769e-08
554, 0.00006735, 0.00000000, 9.80689597e-09
555, 0.00006546, 0.00000000, 1.45630502e-08
556, 0.00006362, 0.00000000, 9.50594527e-09
557, 0.00006184, 0.00000000, 1.17404183e-08
558, 0.00006010, 0.00000000, 1.26217541e-08
559, 0.00005841, 0.00000000, 1.43845760e-08
560, 0.00005677, 0.00000000, 1.22335104e-08
561, 0.00005518, 0.00000000, 8.10371889e-09
562, 0.00005363, 0.00000000, 1.30303711e-08
563, 0.00005212, 0.00000000, 1.35289334e-08
564, 0.00005066, 0.00000000, 1.36753429e-08
565, 0.00004924, 0.00000000, 1.42880940e-08
566, 0.00004785, 0.00000000, 1.21171676e-08
567, 0.00004651, 0.00000000, 1.38103327e-08
568, 0.00004520, 0.00000000, 1.24776671e-08
569, 0.00004393, 0.00000000, 1.32244925e-08
570, 0.00004269, 0.00000000, 1.42048222e-08
571, 0.00004149, 0.00000000, 1.35779648e-08
572, 0.00004032, 0.00000000, 1.12996012e-08
573, 0.00003919, 0.00000000, 8.66701581e-09
574, 0.00003809, 0.00000000, 1.15264987e-08
575, 0.00003701, 0.00000000, 1.27480873e-08
576, 0.00003597, 0.00000000, 1.45203834e-08
577, 0.00003496, 0.00000000, 9.68488051e-09
578, 0.00003397, 0.00000000, 1.45363471e-08
579, 0.00003302, 0.00000000, 9.77739602e-09
580, 0.00003209, 0.00000000, 1.04930492e-08
581, 0.00003118, 0.00000000, 1.23423158e-08
582, 0.00003030, 0.00000000, 1.17573085e-08
583, 0.00002945, 0.00000000, 1.28201982e-08
584, 0.00002862, 0.00000000, 1.25156084e-08
585, 0.00002781, 0.00000000, 1.04894392e-08
586, 0.00002703, 0.00000000, 1.11505811e-08
587, 0.00002627, 0.00000000, 1.12292986e-08
588, 0.00002553, 0.00000000, 1.41231209e-08
589, 0.00002481, 0.00000000, 1.18197573e-08
590, 0.00002411, 0.00000000, 1.28197605e-08
591, 0.00002343, 0.00000000, 1.31741275e-08
592, 0.00002276, 0.00000000, 1.21860352e-08
593, 0.00002212, 0.00000000, 1.34803894e-08
594, 0.00002150, 0.00000000, 1.15850722e-08
595, 0.00002089, 0.00000000, 1.44069746e-08
596, 0.00002030, 0.00000000, 6.72549500e-09
597, 0.00001973, 0.00000000, 9.51233413e-09
598, 0.00001917, 0.00000000, 1.07003664e-08
599, 0.00001863, 0.00000000, 1.41921471e-08
600, 0.00001810, 0.00000000, 1.48112665e-08
601, 0.00001759, 0.00000000, 1.24156502e-08
602, 0.00001709, 0.00000000, 1.20471607e-08
603, 0.00001661, 0.00000000, 1.33113749e-08
604, 0.00001614, 0.00000000, 1.09729698e-08
605, 0.00001568, 0.00000000, 1.09365092e-08
606, 0.00001524, 0.00000000, 1.21281152e-08
607, 0.00001481, 0.00000000, 1.10067432e-08
608, 0.00001439, 0.00000000, 1.27335121e-08
609, 0.00001398, 0.00000000, 1.41282861e-08
610, 0.00001359, 0.00000000, 1.24741945e-08
611, 0.00001320, 0.00000000, 1.07570871e-08
612, 0.00001283, 0.00000000, 1.19457519e-08
613, 0.00001246, 0.00000000, 9.50005638e-09
614, 0.00001211, 0.00000000, 1.45295507e-08
615, 0.00001177, 0.00000000, 1.43288234e-08
616, 0.00001144, 0.00000000, 1.25714948e-08
617, 0.00001111, 0.00000000, 1.35838760e-08
618, 0.00001080, 0.00000000, 1.02964555e-08
619, 0.00001049, 0.00000000, 1.21105316e-08
620, 0.00001019, 0.00000000, 1.05626650e-08
621, 0.00000990, 0.00000000, 1.18387736e-08
622, 0.00000962, 0.00000000, 1.27260579e-08
623, 0.00000935, 0.00000000, 1.22649352e-08
624, 0.00000909, 0.00000000, 1.23778595e-08
625, 0.00000883, 0.00000000, 1.32381307e-08
626, 0.00000858, 0.00000000, 1.19673106e-08
627, 0.00000833, 0.00000000, 1.10901399e-08
628, 0.00000810, 0.00000000, 1.17145745e-08
629, 0.00000787, 0.00000000, 1.43590136e-08
630, 0.00000764, 0.00000000, 1.22258646e-08
631, 0.00000743, 0.00000000, 9.15411510e-09
632, 0.00000722, 0.00000000, 1.09062459e-08
633, 0.00000701, 0.00000000, 1.28855335e-08
634, 0.00000681, 0.00000000, 1.41781672e-08
635, 0.00000662, 0.00000000, 1.30550550e-08
636, 0.00000643, 0.00000000, 1.09505790e-08
637, 0.00000625, 0.00000000, 1.20302872e-08
638, 0.00000607, 0.00000000, 1.15864779e-08
639, 0.00000590, 0.00000000, 1.40851769e-08
640, 0.00000573, 0.00000000, 1.21559303e-08
641, 0.00000557, 0.00000000, 1.02070368e-08
642, 0.00000541, 0.00000000, 1.27891255e-08
643, 0.00000526, 0.00000000, 1.40134301e-08
644, 0.00000511, 0.00000000, 1.26548499e-08
645, 0.00000496, 0.00000000, 1.46602674e-08
646, 0.00000482, 0.00000000, 9.42842220e-09
647, 0.00000468, 0.00000000, 1.41383811e-08
648, 0.00000455, 0.00000000, 1.28188468e-08
649, 0.00000442, 0.00000000, 8.50212638e-09
650, 0.00000429, 0.00000000, 1.30387034e-08
651, 0.00000417, 0.00000000, 1.24811533e-08
652, 0.00000405, 0.00000000, 1.15907411e-08
653, 0.00000394, 0.00000000, 1.14942747e-08
654, 0.00000383, 0.00000000, 1.28359299e-08
655, 0.00000372, 0.00000000, 1.33823565e-08
656, 0.00000361, 0.00000000, 1.43292235e-08
657, 0.00000351, 0.00000000, 1.18716233e-08
658, 0.00000341, 0.00000000, 1.33250103e-08
659, 0.00000331, 0.00000000, 1.05454207e-08
660, 0.00000322, 0.00000000, 1.21707365e-08
661, 0.00000313, 0.00000000, 1.20492029e-08
662, 0.00000304, 0.00000000, 1.40638269e-08
663, 0.00000295, 0.00000000, 1.38692852e-08
664, 0.00000287, 0.00000000, 1.21816472e-08
665, 0.00000278, 0.00000000, 1.48740185e-08
666, 0.00000270, 0.00000000, 1.22649127e-08
667, 0.00000263, 0.00000000, 1.35623444e-08
668, 0.00000255, 0.00000000, 1.31242684e-08
669, 0.00000248, 0.00000000, 1.44879153e-08
670, 0.00000241, 0.00000000, 1.33792354e-08
671, 0.00000234, 0.00000000, 1.46047261e-08
672, 0.00000227, 0.00000000, 1.14749487e-08
673, 0.00000221, 0.00000000, 1.17316389e-08
674, 0.00000215, 0.00000000, 1.37364491e-08
675, 0.00000208, 0.00000000, 1.42492100e-08
676, 0.00000202, 0.00000000, 1.41717854e-08
677, 0.00000197, 0.00000000, 1.35751600e-08
678, 0.00000191, 0.00000000, 1.28446263e-08
679, 0.00000186, 0.00000000, 1.41962452e-08
680, 0.00000180, 0.00000000, 1.42868469e-08
681, 0.00000175, 0.00000000, 1.47165647e-08
682, 0.00000170, 0.00000000, 1.48094296e-08
683, 0.00000165, 0.00000000, 1.42661168e-08
684, 0.00000161, 0.00000000, 1.47917819e-08
685, 0.00000156, 0.00000000, 1.32202762e-08
686, 0.00000152, 0.00000000, 1.45809381e-08
687, 0.00000147, 0.00000000, 1.43332047e-08
688, 0.00000143, 0.00000000, 1.44137885e-08
689, 0.00000139, 0.00000000, 1.44507517e-08
690, 0.00000135, 0.00000000, 1.40896670e-08
691, 0.00000131, 0.00000000, 1.48993649e-08
692, 0.00000127, 0.00000000, 1.42303407e-08
693, 0.00000124, 0.00000000, 1.46468654e-08
694, 0.00000120, 0.00000000, 1.48645397e-08
695, 0.00000117, 0.00000000, 1.44875831e-08
696, 0.00000113, 0.00000000, 1.43962625e-08
697, 0.00000110, 0.00000000, 1.47860358e-08
698, 0.00000107, 0.00000000, 1.46280122e-08
699, 0.00000104, 0.00000000, 1.44158662e-08
700, 0.00000101, 0.00000000, 1.42294548e-08
701, 0.00000098, 0.00000000, 1.42192229e-08
702, 0.00000095, 0.00000000, 1.46451080e-08
703, 0.00000093, 0.00000000, 1.41081544e-08
704, 0.00000090, 0.00000000, 1.41431531e-08
705, 0.00000087, 0.00000000, 1.43407359e-08
706, 0.00000085, 0.00000000, 1.43748405e-08
707, 0.00000082, 0.00000000, 1.40924703e-08
708, 0.00000080, 0.00000000, 1.41093027e-08
709, 0.00000078, 0.00000000, 1.44671182e-08
710, 0.00000075, 0.00000000, 1.45410948e-08
711, 0.00000073, 0.00000000, 1.42980898e-08
712, 0.00000071, 0.00000000, 1.45015257e-08
713, 0.00000069, 0.00000000, 1.43737030e-08
714, 0.00000067, 0.00000000, 1.41164373e-08
715, 0.00000065, 0.00000000, 1.42610274e-08
716, 0.00000063, 0.00000000, 1.41159529e-08
717, 0.00000062, 0.00000000, 1.41467215e-08
718, 0.00000060, 0.00000000, 1.40490590e-08
719, 0.00000058, 0.00000000, 1.46858470e-08
720, 0.00000056, 0.00000000, 1.41816990e-08
721, 0.00000055, 0.00000000, 1.45818590e-08
722, 0.00000053, 0.00000000, 1.48963212e-08
723, 0.00000052, 0.00000000, 1.42893711e-08
724, 0.00000050, 0.00000000, 1.47914428e-08
725, 0.00000049, 0.00000000, 1.47248187e-08
726, 0.00000047, 0.00000000, 1.46469226e-08
727, 0.00000046, 0.00000000, 1.41147550e-08
728, 0.00000045, 0.00000000, 1.46983356e-08
729, 0.00000043, 0.00000000, 1.41846086e-08
730, 0.00000042, 0.00000000, 1.48003199e-08
731, 0.00000041, 0.00000000, 1.45657484e-08
732, 0.00000040, 0.00000000, 1.43990202e-08
733, 0.00000039, 0.00000000, 1.46523019e-08
734, 0.00000038, 0.00000000, 1.48502336e-08
735, 0.00000036, 0.00000000, 1.41475506e-08
736, 0.00000035, 0.00000000, 1.40785519e-08
737, 0.00000034, 0.00000000, 1.47423426e-08
738, 0.00000033, 0.00000000, 1.40759215e-08
739, 0.00000032, 0.00000000, 1.47369408e-08
740, 0.00000032, 0.00000000, 1.45986741e-08
741, 0.00000031, 0.00000000, 1.39397057e-08
742, 0.00000030, 0.00000000, 1.45023292e-08
743, 0.00000029, 0.00000000, 1.41479755e-08
744, 0.00000028, 0.00000000, 1.38770140e-08
745, 0.00000027, 0.00000000, 1.48255990e-08
746, 0.00000026, 0.00000000, 1.47093132e-08
747, 0.00000026, 0.00000000, 1.41600227e-08
748, 0.00000025, 0.00000000, 1.44378849e-08
749, 0.00000024, 0.00000000, 1.47071952e-08
750, 0.00000024, 0.00000000, 1.45575309e-08
751, 0.00000023, 0.00000000, 1.48971862e-08
752, 0.00000022, 0.00000000, 1.36324087e-08
753, 0.00000022, 0.00000000, 1.43997190e-08
754, 0.00000021, 0.00000000, 1.45614267e-08
755, 0.00000020, 0.00000000, 1.43774887e-08
756, 0.00000020, 0.00000000, 1.46969378e-08
757, 0.00000019, 0.00000000, 1.41171484e-08
758, 0.00000019, 0.00000000, 1.48957045e-08
759, 0.00000018, 0.00000000, 1.41935859e-08
760, 0.00000018, 0.00000000, 1.40000697e-08
761, 0.00000017, 0.00000000, 1.42202134e-08
762, 0.00000017, 0.00000000, 1.44693149e-08
763, 0.00000016, 0.00000000, 1.43952004e-08
764, 0.00000016, 0.00000000, 1.47442588e-08
765, 0.00000015, 0.00000000, 1.41453511e-08
766, 0.00000015, 0.00000000, 1.42761803e-08
767, 0.00000014, 0.00000000, 1.42820045e-08
768, 0.00000014, 0.00000000, 1.46535777e-08
769, 0.00000014, 0.00000000, 1.43770543e-08
770, 0.00000013, 0.00000000, 1.38092018e-08
771, 0.00000013, 0.00000000, 1.42195556e-08
772, 0.00000012, 0.00000000, 1.46834992e-08
773, 0.00000012, 0.00000000, 1.43724873e-08
774, 0.00000012, 0.00000000, 1.47140604e-08
775, 0.00000011, 0.00000000, 1.46360600e-08
776, 0.00000011, 0.00000000, 1.40665713e-08
777, 0.00000011, 0.00000000, 1.47084043e-08
778, 0.00000010, 0.00000000, 1.44591575e-08
779, 0.00000010, 0.00000000, 1.42609746e-08
780, 0.00000010, 0.00000000, 1.48986426e-08
781, 0.00000010, 0.00000000, 1.45945206e-08
782, 0.00000009, 0.00000000, 1.44543561e-08
783, 0.00000009, 0.00000000, 1.43468325e-08
784, 0.00000009, 0.00000000, 1.43674208e-08
785, 0.00000008, 0.00000000, 1.47965682e-08
786, 0.00000008, 0.00000000, 1.47435586e-08
787, 0.00000008, 0.00000000, 1.42806066e-08
788, 0.00000008, 0.00000000, 1.34511170e-08
789, 0.00000008, 0.00000000, 1.34964478e-08
790, 0.00000007, 0.00000000, 1.47204522e-08
791, 0.00000007, 0.00000000, 1.48685352e-08
792, 0.00000007, 0.00000000, 1.45598031e-08
793, 0.00000007, 0.00000000, 1.45247521e-08
794, 0.00000006, 0.00000000, 1.45130544e-08
795, 0.00000006, 0.00000000, 1.42545314e-08
796, 0.00000006, 0.00000000, 1.44993676e-08
797, 0.00000006, 0.00000000, 1.46203874e-08
798, 0.00000006, 0.00000000, 1.48806270e-08
799, 0.00000006, 0.00000000, 1.41162237e-08
800, 0.00000005, 0.00000000, 1.48622127e-08
801, 0.00000005, 0.00000000, 1.48700569e-08
802, 0.00000005, 0.00000000, 1.48694041e-08
803, 0.00000005, 0.00000000, 1.43305444e-08
804, 0.00000005, 0.00000000, 1.45487355e-08
805, 0.00000005, 0.00000000, 1.48340702e-08
806, 0.00000005, 0.00000000, 1.41129799e-08
807, 0.00000004, 0.00000000, 1.39694919e-08
808, 0.00000004, 0.00000000, 1.40399802e-08
809, 0.00000004, 0.00000000, 1.41310901e-08
810, 0.00000004, 0.00000000, 1.45143084e-08
811, 0.00000004, 0.00000000, 1.43314068e-08
812, 0.00000004, 0.00000000, 1.44826289e-08
813, 0.00000004, 0.00000000, 1.47980039e-08
814, 0.00000004, 0.00000000, 1.38933332e-08
815, 0.00000004, 0.00000000, 1.48150230e-08
816, 0.00000003, 0.00000000, 1.39900512e-08
817, 0.00000003, 0.00000000, 1.44270241e-08
818, 0.00000003, 0.00000000, 1.40935655e-08
819, 0.00000003, 0.00000000, 1.39359557e-08
820, 0.00000003, 0.00000000, 1.41464534e-08
821, 0.00000003, 0.00000000, 1.37772379e-08
822, 0.00000003, 0.00000000, 1.38706806e-08
823, 0.00000003, 0.00000000, 1.35750141e-08
824, 0.00000003, 0.00000000, 1.35673783e-08
825, 0.00000003, 0.00000000, 1.48225233e-08
826, 0.00000003, 0.00000000, 1.34380028e-08
827, 0.00000002, 0.00000000, 1.36929415e-08
828, 0.00000002, 0.00000000, 1.37357401e-08
829, 0.00000002, 0.00000000, 1.41640717e-08
830, 0.00000002, 0.00000000, 1.48505642e-08
831, 0.00000002, 0.00000000, 1.42948962e-08
832, 0.00000002, 0.00000000, 1.35838190e-08
833, 0.00000002, 0.00000000, 1.33821873e-08
834, 0.00000002, 0.00000000, 1.38577502e-08
835, 0.00000002, 0.00000000, 1.47101699e-08
836, 0.00000002, 0.00000000, 1.36723436e-08
837, 0.00000002, 0.00000000, 1.38830531e-08
838, 0.00000002, 0.00000000, 1.43795468e-08
839, 0.00000002, 0.00000000, 1.38588130e-08
840, 0.00000002, 0.00000000, 1.40727391e-08
841, 0.00000002, 0.00000000, 1.37847196e-08
842, 0.00000002, 0.00000000, 1.43207162e-08
843, 0.00000002, 0.00000000, 1.33236070e-08
844, 0.00000001, 0.00000000, 1.47555096e-08
845, 0.00000001, 0.00000000, 1.44427525e-08
846, 0.00000001, 0.00000000, 1.43301460e-08
847, 0.00000001, 0.00000000, 1.36723712e-08
848, 0.00000001, 0.00000000, 1.42248509e-08
849, 0.00000001, 0.00000000, 1.36804303e-08
850, 0.00000001, 0.00000000, 1.45158434e-08
851, 0.00000001, 0.00000000, 1.40190492e-08
852, 0.00000001, 0.00000000, 1.43031734e-08
853, 0.00000001, 0.00000000, 1.40462307e-08
854, 0.00000001, 0.00000000, 1.40531871e-08
855, 0.00000001, 0.00000000, 1.40205127e-08
856, 0.00000001, 0.00000000, 1.41268754e-08
857, 0.00000001, 0.00000000, 1.44338607e-08
858, 0.00000001, 0.00000000, 1.31369893e-08
859, 0.00000001, 0.00000000, 1.37492439e-08
860, 0.00000001, 0.00000000, 1.41345874e-08
861, 0.00000001, 0.00000000, 1.44185510e-08
862, 0.00000001, 0.00000000, 1.40770895e-08
863, 0.00000001, 0.00000000, 1.30726220e-08
864, 0.00000001, 0.00000000, 1.38505558e-08
865, 0.00000001, 0.00000000, 1.45065401e-08
866, 0.00000001, 0.00000000, 1.33198118e-08
867, 0.00000001, 0.00000000, 1.45178640e-08
868, 0.00000001, 0.00000000, 1.35681924e-08
869, 0.00000001, 0.00000000, 1.44185106e-08
870, 0.00000001, 0.00000000, 1.42369567e-08
871, 0.00000001, 0.00000000, 1.46463554e-08
872, 0.00000001, 0.00000000, 1.37210603e-08
873, 0.00000001, 0.00000000, 1.34117765e-08
874, 0.00000001, 0.00000000, 1.28685169e-08
875, 0.00000001, 0.00000000, 1.36382576e-08
876, 0.00000001, 0.00000000, 1.42842312e-08
877, 0.00000001, 0.00000000, 1.35263302e-08
878, 0.00000001, 0.00000000, 1.43515342e-08
879, 0.00000001, 0.00000000, 1.32549790e-08
880, 0.00000001, 0.00000000, 1.34110467e-08
881, 0.00000001, 0.00000000, 1.48536954e-08
882, 0.00000000, 0.00000000, 1.35367466e-08
883, 0.00000000, 0.00000000, 1.44599555e-08
884, 0.00000000, 0.00000000, 1.39896820e-08
885, 0.00000000, 0.00000000, 1.48476968e-08
886, 0.00000000, 0.00000000, 1.41273626e-08
887, 0.00000000, 0.00000000, 1.44371482e-08
888, 0.00000000, 0.00000000, 1.46192544e-08
889, 0.00000000, 0.00000000, 1.45297508e-08
890, 0.00000000, 0.00000000, 1.42285347e-08
891, 0.00000000, 0.00000000, 1.42671014e-08
892, 0.00000000, 0.00000000, 1.44354642e-08
893, 0.00000000, 0.00000000, 1.45864502e-08
894, 0.00000000, 0.00000000, 1.46915237e-08
895, 0.00000000, 0.00000000, 1.32404198e-08
896, 0.00000000, 0.00000000, 1.39754733e-08
897, 0.00000000, 0.00000000, 1.45510570e-08
898, 0.00000000, 0.00000000, 1.44707055e-08
899, 0.00000000, 0.00000000, 1.47917296e-08
900, 0.00000000, 0.00000000, 1.46577089e-08
901, 0.00000000, 0.00000000, 1.30143047e-08
902, 0.00000000, 0.00000000, 1.31265301e-08
903, 0.00000000, 0.00000000, 1.34982290e-08
904, 0.00000000, 0.00000000, 1.41765306e-08
905, 0.00000000, 0.00000000, 1.36685229e-08
906, 0.00000000, 0.00000000, 1.34683409e-08
907, 0.00000000, 0.00000000, 1.45305942e-08
908, 0.00000000, 0.00000000, 1.33724943e-08
909, 0.00000000, 0.00000000, 1.32580226e-08
910, 0.00000000, 0.00000000, 1.36226215e-08
911, 0.00000000, 0.00000000, 1.47211211e-08
912, 0.00000000, 0.00000000, 1.39963922e-08
913, 0.00000000, 0.00000000, 1.43093936e-08
914, 0.00000000, 0.00000000, 1.27708687e-08
915, 0.00000000, 0.00000000, 1.40959631e-08
916, 0.00000000, 0.00000000, 1.42241130e-08
917, 0.00000000, 0.00000000, 1.44558169e-08
918, 0.00000000, 0.00000000, 1.38456579e-08
919, 0.00000000, 0.00000000, 1.41203897e-08
920, 0.00000000, 0.00000000, 1.38183324e-08
921, 0.00000000, 0.00000000, 1.35435260e-08
922, 0.00000000, 0.00000000, 1.37721535e-08
923, 0.00000000, 0.00000000, 1.33740483e-08
924, 0.00000000, 0.00000000, 1.33242041e-08
925, 0.00000000, 0.00000000, 1.37474614e-08
926, 0.00000000, 0.00000000, 1.42948837e-08
927, 0.00000000, 0.00000000, 1.37554479e-08
928, 0.00000000, 0.00000000, 1.41350916e-08
929, 0.00000000, 0.00000000, 1.47390172e-08
930, 0.00000000, 0.00000000, 1.32306470e-08
931, 0.00000000, 0.00000000, 1.35012987e-08
932, 0.00000000, 0.00000000, 1.43758835e-08
933, 0.00000000, 0.00000000, 1.45532240e-08
934, 0.00000000, 0.00000000, 1.41854036e-08
935, 0.00000000, 0.00000000, 1.42944273e-08
936, 0.00000000, 0.00000000, 1.45046971e-08
937, 0.00000000, 0.00000000, 1.48442061e-08
938, 0.00000000, 0.00000000, 1.40299193e-08
939, 0.00000000, 0.00000000, 1.42299618e-08
940, 0.00000000, 0.00000000, 1.42613440e-08
941, 0.00000000, 0.00000000, 1.42715936e-08
942, 0.00000000, 0.00000000, 1.42129892e-08
943, 0.00000000, 0.00000000, 1.38476262e-08
944, 0.00000000, 0.00000000, 1.40961930e-08
945, 0.00000000, 0.00000000, 1.28436182e-08
946, 0.00000000, 0.00000000, 1.45685339e-08
947, 0.00000000, 0.00000000, 1.36664054e-08
948, 0.00000000, 0.00000000, 1.27367733e-08
949, 0.00000000, 0.00000000, 1.23418070e-08
950, 0.00000000, 0.00000000, 1.39065217e-08
951, 0.00000000, 0.00000000, 1.31777680e-08
952, 0.00000000, 0.00000000, 1.29913180e-08
953, 0.00000000, 0.00000000, 1.26821999e-08
954, 0.00000000, 0.00000000, 1.31079910e-08
955, 0.00000000, 0.00000000, 1.35092896e-08
956, 0.00000000, 0.00000000, 1.45958104e-08
957, 0.00000000, 0.00000000, 1.40827743e-08
958, 0.00000000, 0.00000000, 1.38807492e-08
959, 0.00000000, 0.00000000, 1.32535448e-08
960, 0.00000000, 0.00000000, 1.34884209e-08
961, 0.00000000, -0.00000000, 1.36886054e-08
962, 0.00000000, 0.00000000, 1.42314714e-08
963, 0.00000000, -0.00000000, 1.37241570e-08
964, 0.00000000, 0.00000000, 1.37150424e-08
965, 0.00000000, 0.00000000, 1.26147049e-08
966, 0.00000000, 0.00000000, 1.41793011e-08
967, 0.00000000, 0.00000000, 1.44489482e-08
968, 0.00000000, 0.00000000, 1.32360553e-08
969, 0.00000000, 0.00000000, 1.31363231e-08
970, 0.00000000, 0.00000000, 1.40639002e-08
971, 0.00000000, 0.00000000, 1.43043250e-08
972, 0.00000000, 0.00000000, 1.47324696e-08
973, 0.00000000, 0.00000000, 1.43447781e-08
974, 0.00000000, 0.00000000, 1.35619082e-08
975, 0.00000000, 0.00000000, 1.41100480e-08
976, 0.00000000, 0.00000000, 1.43076189e-08
977, 0.00000000, 0.00000000, 1.35099793e-08
978, 0.00000000, 0.00000000, 1.36719139e-08
979, 0.00000000, 0.00000000, 1.45463120e-08
980, 0.00000000, 0.00000000, 1.35960370e-08
981, 0.00000000, 0.00000000, 1.43575785e-08
982, 0.00000000, 0.00000000, 1.46498104e-08
983, 0.00000000, 0.00000000, 1.28719972e-08
984, 0.00000000, 0.00000000, 1.36910535e-08
985, 0.00000000, 0.00000000, 1.24406824e-08
986, 0.00000000, 0.00000000, 1.46846768e-08
987, 0.00000000, 0.00000000, 1.43017585e-08
988, 0.00000000, 0.00000000, 1.42601004e-08
989, 0.00000000, 0.00000000, 1.29692441e-08
990, 0.00000000, 0.00000000, 1.44833328e-08
991, 0.00000000, 0.00000000, 1.46965733e-08
992, 0.00000000, 0.00000000, 1.45770702e-08
993, 0.00000000, 0.00000000, 1.47532665e-08
994, 0.00000000, 0.00000000, 1.42530716e-08
995, 0.00000000, 0.00000000, 1.45401276e-08
996, 0.00000000, 0.00000000, 1.42412552e-08
997, 0.00000000, 0.00000000, 1.37853220e-08
998, 0.00000000, 0.00000000, 1.44224782e-08
999, 0.00000000, 0.00000000, 1.48637596e-08
